------ FULL SCAN DATA ------
1,848,0,25,-42
2,1350,0,30,-43
3,1812,0,35,-42
4,2274,0,40,-41
5,2736,0,45,-42
6,3198,0,50,-47
7,3660,0,55,-50
8,4122,0,60,-47
9,4584,0,65,-41
10,5046,0,70,-38
11,5508,0,75,-38
12,6102,10,75,-38
13,6564,10,70,-37
14,7026,10,65,-37
15,7488,10,60,-38
16,7950,10,55,-39
17,8413,10,50,-42
18,8875,10,45,-43
19,9337,10,40,-47
20,9799,10,35,-47
21,10261,10,30,-49
22,10723,10,25,-50
23,11317,20,25,-46
24,11779,20,30,-46
25,12241,20,35,-45
26,12703,20,40,-46
27,13165,20,45,-45
28,13627,20,50,-46
29,14089,20,55,-47
30,14551,20,60,-46
31,15013,20,65,-52
32,15475,20,70,-45
33,15937,20,75,-57
34,16531,30,75,-52
35,16993,30,70,-57
36,17455,30,65,-50
37,17917,30,60,-46
38,18379,30,55,-50
39,18841,30,50,-48
40,19303,30,45,-53
41,19765,30,40,-53
42,20227,30,35,-50
43,20690,30,30,-49
44,21152,30,25,-46
45,21746,40,25,-50
46,22208,40,30,-58
47,22670,40,35,-56
48,23132,40,40,-56
49,23594,40,45,-52
50,24056,40,50,-50
51,24518,40,55,-52
52,24980,40,60,-48
53,25442,40,65,-48
54,25904,40,70,-50
55,26366,40,75,-51
56,26960,50,75,-49
57,27422,50,70,-47
58,27884,50,65,-48
59,28346,50,60,-48
60,28808,50,55,-50
61,29270,50,50,-49
62,29732,50,45,-47
63,30194,50,40,-46
64,30656,50,35,-48
65,31118,50,30,-48
66,31580,50,25,-50
67,32174,60,25,-49
68,32636,60,30,-48
69,33098,60,35,-50
70,33561,60,40,-52
71,34023,60,45,-49
72,34485,60,50,-52
73,34947,60,55,-52
74,35409,60,60,-51
75,35871,60,65,-50
76,36333,60,70,-48
77,36795,60,75,-47
78,37389,70,75,-47
79,37851,70,70,-48
80,38313,70,65,-48
81,38775,70,60,-48
82,39237,70,55,-49
83,39699,70,50,-47
84,40161,70,45,-57
85,40623,70,40,-60
86,41085,70,35,-57
87,41547,70,30,-59
88,42009,70,25,-64
89,42603,80,25,-54
90,43065,80,30,-56
91,43527,80,35,-61
92,43989,80,40,-62
93,44451,80,45,-58
94,44913,80,50,-62
95,45375,80,55,-61
96,45837,80,60,-52
97,46299,80,65,-48
98,46761,80,70,-47
99,47223,80,75,-50
1,542,0,25,-42
2,1004,0,30,-45
3,1466,0,35,-43
4,1928,0,40,-42
5,2390,0,45,-40
6,2852,0,50,-39
7,3314,0,55,-38
8,3776,0,60,-37
9,4238,0,65,-36
10,4700,0,70,-36
11,5162,0,75,-36
12,5756,10,75,-36
13,6218,10,70,-36
14,6680,10,65,-38
15,7142,10,60,-39
16,7604,10,55,-45
17,8066,10,50,-42
18,8528,10,45,-49
19,8990,10,40,-51
20,9452,10,35,-47
21,9914,10,30,-48
22,10376,10,25,-44
23,10970,20,25,-55
24,11432,20,30,-55
25,11894,20,35,-53
26,12357,20,40,-50
27,12819,20,45,-47
28,13281,20,50,-45
29,13743,20,55,-40
30,14205,20,60,-40
31,14668,20,65,-38
32,15130,20,70,-37
33,15592,20,75,-34
34,16186,30,75,-34
35,16648,30,70,-37
36,17110,30,65,-39
37,17572,30,60,-40
38,18034,30,55,-42
39,18496,30,50,-42
40,18958,30,45,-43
41,19420,30,40,-44
42,19882,30,35,-45
43,20344,30,30,-48
44,20806,30,25,-50
45,21400,40,25,-47
46,21862,40,30,-46
47,22324,40,35,-44
48,22786,40,40,-44
49,23248,40,45,-44
50,23710,40,50,-43
51,24172,40,55,-43
52,24634,40,60,-41
53,25096,40,65,-43
54,25558,40,70,-39
55,26020,40,75,-39
56,26614,50,75,-37
57,27076,50,70,-39
58,27538,50,65,-38
59,28000,50,60,-37
60,28462,50,55,-41
61,28924,50,50,-40
62,29386,50,45,-41
63,29848,50,40,-42
64,30310,50,35,-43
65,30773,50,30,-43
66,31235,50,25,-44
67,31829,60,25,-44
68,32291,60,30,-44
69,32753,60,35,-43
70,33215,60,40,-43
71,33677,60,45,-43
72,34139,60,50,-43
73,34601,60,55,-42
74,35063,60,60,-41
75,35525,60,65,-40
76,35987,60,70,-41
77,36449,60,75,-39
78,37043,70,75,-44
79,37506,70,70,-44
80,37968,70,65,-44
81,38430,70,60,-44
82,38892,70,55,-43
83,39354,70,50,-43
84,39816,70,45,-43
85,40278,70,40,-42
86,40740,70,35,-42
87,41202,70,30,-48
88,41664,70,25,-46
89,42258,80,25,-49
90,42720,80,30,-53
91,43182,80,35,-52
92,43645,80,40,-47
93,44107,80,45,-49
94,44569,80,50,-47
95,45031,80,55,-47
96,45493,80,60,-46
97,45955,80,65,-47
98,46417,80,70,-47
99,46879,80,75,-48
100,47473,90,75,-46
101,47935,90,70,-46
102,48397,90,65,-44
103,48859,90,60,-43
104,49321,90,55,-43
105,49784,90,50,-43
106,50246,90,45,-43
107,50708,90,40,-44
108,51170,90,35,-47
109,51632,90,30,-54
110,52094,90,25,-50
111,52688,100,25,-44
112,53150,100,30,-47
113,53612,100,35,-41
114,54074,100,40,-39
115,54536,100,45,-38
116,54998,100,50,-38
117,55461,100,55,-38
118,55923,100,60,-38
119,56385,100,65,-38
120,56847,100,70,-39
121,57309,100,75,-39
122,57903,110,75,-36
123,58365,110,70,-37
124,58827,110,65,-37
125,59289,110,60,-35
126,59751,110,55,-35
127,60213,110,50,-36
128,60675,110,45,-36
129,61138,110,40,-36
130,61600,110,35,-39
131,62062,110,30,-45
132,62524,110,25,-45
133,63118,120,25,-47
134,63580,120,30,-43
135,64042,120,35,-38
136,64504,120,40,-37
137,64966,120,45,-36
138,65428,120,50,-34
139,65890,120,55,-34
140,66352,120,60,-34
141,66815,120,65,-34
142,67277,120,70,-34
143,67739,120,75,-35
144,68333,130,75,-35
145,68795,130,70,-35
146,69257,130,65,-35
147,69719,130,60,-34
148,70181,130,55,-34
149,70643,130,50,-34
150,71105,130,45,-36
151,71567,130,40,-36
152,72029,130,35,-37
153,72492,130,30,-38
154,72954,130,25,-39
155,73548,140,25,-37
156,74010,140,30,-35
157,74472,140,35,-35
158,74934,140,40,-35
159,75396,140,45,-35
160,75858,140,50,-35
161,76320,140,55,-36
162,76782,140,60,-36
163,77244,140,65,-37
164,77706,140,70,-37
165,78169,140,75,-36
166,78763,150,75,-35
167,79225,150,70,-35
168,79687,150,65,-40
169,80149,150,60,-38
170,80611,150,55,-42
171,81073,150,50,-41
172,81535,150,45,-38
173,81997,150,40,-37
174,82459,150,35,-36
175,82921,150,30,-37
176,83383,150,25,-37
177,83978,160,25,-41
178,84440,160,30,-43
179,84902,160,35,-44
180,85364,160,40,-44
181,85826,160,45,-45
182,86288,160,50,-43
183,86750,160,55,-41
184,87212,160,60,-36
185,87674,160,65,-34
186,88136,160,70,-34
187,88598,160,75,-33
188,89192,170,75,-35
189,89655,170,70,-36
190,90117,170,65,-38
191,90579,170,60,-38
192,91041,170,55,-39
193,91503,170,50,-40
194,91965,170,45,-42
195,92427,170,40,-43
196,92889,170,35,-46
197,93351,170,30,-45
198,93813,170,25,-45
199,94407,180,25,-42
200,94869,180,30,-42
201,95332,180,35,-44
202,95794,180,40,-48
203,96256,180,45,-51
204,96718,180,50,-51
205,97180,180,55,-47
206,97642,180,60,-43
207,98104,180,65,-40
208,98566,180,70,-39
209,99028,180,75,-38
210,99886,150,70,-33
211,100348,150,72,-34
212,100810,150,74,-33
213,101273,150,75,-33
214,101759,152,70,-34
215,102221,152,72,-34
216,102683,152,74,-33
217,103145,152,75,-33
218,103631,154,70,-34
219,104093,154,72,-33
220,104555,154,74,-33
221,105017,154,75,-33
222,105503,156,70,-33
223,105965,156,72,-34
224,106428,156,74,-33
225,106890,156,75,-32
226,107376,158,70,-32
227,107838,158,72,-34
228,108300,158,74,-34
229,108762,158,75,-33
230,109248,160,70,-33
231,109710,160,72,-33
232,110172,160,74,-33
233,110634,160,75,-33
234,111120,162,70,-34
235,111583,162,72,-34
236,112045,162,74,-34
237,112507,162,75,-33
238,112993,164,70,-34
239,113455,164,72,-33
240,113917,164,74,-32
241,114379,164,75,-35
242,114865,166,70,-35
243,115327,166,72,-36
244,115789,166,74,-35
245,116251,166,75,-35
246,116737,168,70,-38
247,117200,168,72,-37
248,117662,168,74,-36
249,118124,168,75,-36
250,118610,170,70,-36
251,119072,170,72,-37
252,119534,170,74,-37
253,119996,170,75,-37
------ FINAL BEST VALUES ------
Pan: 156, Tilt: 75, RSSI: -32
