------ FULL SCAN DATA ------
90,45,-40
110,45,-46
90,45,-37
110,45,-43
70,45,-43
90,55,-42
90,35,-38
110,55,-44
110,35,-38
70,55,-54
70,35,-43
100,45,-46
80,45,-49
90,50,-37
90,40,-37
100,50,-37
100,40,-39
80,50,-39
80,40,-42
92,45,-38
88,45,-38
90,47,-38
90,43,-38
92,47,-38
92,43,-36
88,47,-36
88,43,-36
94,43,-38
90,43,-37
92,45,-37
92,41,-38
94,45,-37
94,41,-37
90,45,-37
90,41,-37
90,45,-32
110,45,-33
70,45,-34
90,55,-31
90,35,-31
110,55,-42
110,35,-42
70,55,-36
70,35,-36
110,55,-38
70,55,-34
90,65,-32
90,45,-32
110,65,-40
110,45,-43
70,65,-34
70,45,-34
100,55,-30
80,55,-30
90,60,-30
90,50,-30
100,60,-31
100,50,-31
80,60,-30
80,50,-30
110,55,-32
90,55,-33
100,60,-31
100,50,-31
110,60,-40
110,50,-48
90,60,-34
90,50,-39
102,55,-37
98,55,-39
100,57,-39
100,53,-39
102,57,-44
102,53,-46
98,57,-47
98,53,-47
------ FINAL BEST VALUES ------
Pan: 100, Tilt: 55, RSSI: -30
