10,25,-45
10,30,-48
10,35,-47
10,40,-47
10,45,-47
10,50,-47
10,55,-47
10,60,-47
10,65,-47
10,70,-47
10,75,-52
20,25,-50
20,30,-51
20,35,-54
20,40,-54
20,45,-54
20,50,-54
20,55,-54
20,60,-54
20,65,-54
20,70,-54
20,75,-54
30,25,-54
30,30,-54
30,35,-54
30,40,-54
30,45,-54
30,50,-54
30,55,-54
30,60,-54
30,65,-54
30,70,-54
30,75,-54
40,25,-54
40,30,-54
40,35,-54
40,40,-54
40,45,-54
40,50,-54
40,55,-54
40,60,-54
40,65,-54
40,70,-54
40,75,-54
50,25,-54
50,30,-54
50,35,-54
50,40,-54
50,45,-54
50,50,-21
50,55,0
50,60,0
50,65,0
50,70,0
50,75,0
60,25,0
60,30,0
60,35,0
60,40,0
60,45,0
60,50,0
60,55,0
60,60,0
60,65,0
60,70,0
60,75,0
70,25,0
70,30,0
70,35,0
70,40,0
70,45,0
70,50,0
70,55,0
70,60,0
70,65,0
70,70,0
70,75,0
80,25,0
80,30,0
80,35,-33
80,40,-53
80,45,-53
80,50,-53
80,55,-54
80,60,-55
80,65,-55
80,70,-55
80,75,-55
90,25,-60
90,30,-57
90,35,-58
90,40,-58
90,45,-58
90,50,-58
90,55,-59
90,60,-60
90,65,-58
90,70,-58
90,75,-58
100,25,-57
100,30,-52
100,35,-51
100,40,-51
100,45,-51
100,50,-51
100,55,-51
100,60,-51
100,65,-52
100,70,-52
100,75,-53
110,25,-58
110,30,-58
110,35,-58
110,40,-55
110,45,-54
110,50,-53
110,55,-53
110,60,-54
110,65,-54
110,70,-57
110,75,-60
120,25,-51
120,30,-51
120,35,-43
120,40,-44
120,45,-44
120,50,-44
120,55,-44
120,60,-43
120,65,-43
120,70,-43
120,75,-43
130,25,-40
130,30,-37
130,35,-37
130,40,-38
130,45,-38
130,50,-37
130,55,-37
130,60,-37
130,65,-38
130,70,-38
130,75,-38
140,25,-35
140,30,-35
140,35,-35
140,40,-35
140,45,-36
140,50,-36
140,55,-36
140,60,-36
140,65,-37
140,70,-37
140,75,-37
150,25,-39
150,30,-39
150,35,-38
150,40,-38
150,45,-38
150,50,-38
150,55,-38
150,60,-38
150,65,-39
150,70,-41
150,75,-41
160,25,-47
160,30,-45
160,35,-43
160,40,-43
160,45,-43
160,50,-44
160,55,-44
160,60,-45
160,65,-45
160,70,-46
160,75,-47
170,25,-49
170,30,-53
170,35,-53
170,40,-53
170,45,-54
170,50,-54
170,55,-56
170,60,-56
170,65,-58
170,70,-59
170,75,-59
180,25,-57
180,30,-54
180,35,-54
180,40,-58
180,45,-58
180,50,-58
180,55,-58
180,60,-59
180,65,-63
180,70,-59
180,75,-53
40,45,-58
40,47,-58
40,49,-58
40,51,-59
40,53,-59
40,55,-56
40,57,-56
40,59,-56
40,61,-56
40,63,-56
40,65,-61
42,45,-61
42,47,-56
42,49,-56
42,51,-55
42,53,-55
42,55,-55
42,57,-54
42,59,-54
42,61,-55
42,63,-55
42,65,-58
44,45,-58
44,47,-56
44,49,-54
44,51,-54
44,53,-55
44,55,-55
44,57,-55
44,59,-55
44,61,-56
44,63,-57
44,65,-57
46,45,-57
46,47,-57
46,49,-55
46,51,-55
46,53,-55
46,55,-56
46,57,-56
46,59,-57
46,61,-56
46,63,-56
46,65,-56
48,45,-54
48,47,-54
48,49,-57
48,51,-57
48,53,-57
48,55,-58
48,57,-58
48,59,-58
48,61,-58
48,63,-58
48,65,-59
50,45,-59
50,47,-53
50,49,-53
50,51,-53
50,53,-53
50,55,-55
50,57,-56
50,59,-55
50,61,-55
50,63,-55
50,65,-53
52,45,-53
52,47,-53
52,49,-53
52,51,-53
52,53,-52
52,55,-52
52,57,-52
52,59,-52
52,61,-52
52,63,-52
52,65,-52
54,45,-53
54,47,-52
54,49,-53
54,51,-53
54,53,-53
54,55,-53
54,57,-53
54,59,-53
54,61,-55
54,63,-55
54,65,-55
56,45,-53
56,47,-53
56,49,-51
56,51,-51
56,53,-51
56,55,-52
56,57,-52
56,59,-51
56,61,-51
56,63,-52
56,65,-52
58,45,-52
58,47,-52
58,49,-52
58,51,-50
58,53,-50
58,55,-50
58,57,-50
58,59,-50
58,61,-50
58,63,-50
58,65,-50
60,45,-50
60,47,-48
60,49,-48
60,51,-48
60,53,-48
60,55,-48
60,57,-51
60,59,-51
60,61,-45
60,63,-45
60,65,-45
0,25,-37
0,30,-38
0,35,-38
0,40,-38
0,45,-38
0,50,-37
0,55,-37
0,60,-37
0,65,-37
0,70,-37
0,75,-37
10,25,-35
10,30,-35
10,35,-35
10,40,-36
10,45,-36
10,50,-36
10,55,-36
10,60,-36
10,65,-36
10,70,-36
10,75,-38
20,25,-40
20,30,-40
20,35,-38
20,40,-38
20,45,-38
20,50,-38
20,55,-38
20,60,-38
20,65,-38
20,70,-40
20,75,-40
30,25,-40
30,30,-40
30,35,-43
30,40,-45
30,45,-49
30,50,-49
30,55,-47
30,60,-44
30,65,-45
30,70,-46
30,75,-46
40,25,-49
40,30,-50
40,35,-50
40,40,-51
40,45,-51
40,50,-51
40,55,-53
40,60,-53
40,65,-54
40,70,-54
40,75,-57
50,25,-61
50,30,-61
50,35,-57
50,40,-55
50,45,-55
50,50,-57
50,55,-57
50,60,-57
50,65,-62
50,70,-61
50,75,-58
60,25,-53
60,30,-54
60,35,-55
60,40,-55
60,45,-58
60,50,-57
60,55,-59
60,60,-59
60,65,-59
60,70,-61
60,75,-59
70,25,-59
70,30,-49
70,35,-49
70,40,-52
70,45,-53
70,50,-53
70,55,-52
70,60,-52
70,65,-52
70,70,-54
70,75,-53
80,25,-47
80,30,-46
80,35,-47
80,40,-47
80,45,-47
80,50,-48
80,55,-49
80,60,-49
80,65,-52
80,70,-52
80,75,-54
90,25,-52
90,30,-51
90,35,-51
90,40,-51
90,45,-51
90,50,-53
90,55,-54
90,60,-49
90,65,-49
90,70,-47
90,75,-47
100,25,-49
100,30,-49
100,35,-50
100,40,-50
100,45,-50
100,50,-52
100,55,-52
100,60,-52
100,65,-52
100,70,-50
100,75,-50
110,25,-53
110,30,-51
110,35,-51
110,40,-51
110,45,-50
110,50,-51
110,55,-51
110,60,-51
110,65,-51
110,70,-51
110,75,-52
120,25,-53
120,30,-53
120,35,-53
120,40,-59
120,45,-59
120,50,-59
120,55,-56
120,60,-57
120,65,-56
120,70,-56
120,75,-56
130,25,-51
130,30,-50
130,35,-51
130,40,-51
130,45,-50
130,50,-50
130,55,-50
130,60,-51
130,65,-51
130,70,-51
130,75,-52
140,25,-57
140,30,-57
140,35,-54
140,40,-55
140,45,-53
140,50,-53
140,55,-53
140,60,-53
140,65,-53
140,70,-54
140,75,-54
150,25,-55
150,30,-44
150,35,-40
150,40,-40
150,45,-40
150,50,-40
150,55,-40
150,60,-40
150,65,-40
150,70,-40
150,75,-40
160,25,-39
160,30,-37
160,35,-37
160,40,-36
160,45,-36
160,50,-36
160,55,-36
160,60,-36
160,65,-36
160,70,-36
160,75,-38
170,25,-37
170,30,-37
170,35,-36
170,40,-36
170,45,-35
170,50,-35
170,55,-35
170,60,-35
170,65,-35
170,70,-36
170,75,-37
180,25,-43
180,30,-43
180,35,-40
180,40,-40
180,45,-39
180,50,-39
180,55,-39
180,60,-40
180,65,-40
180,70,-41
180,75,-41
0,25,-37
0,25,-37
0,25,-37
0,25,-37
0,25,-37
0,25,-37
0,27,-37
0,29,-37
0,31,-36
0,33,-36
0,35,-36
2,25,-36
2,25,-36
2,25,-36
2,25,-36
2,25,-37
2,25,-37
2,27,-36
2,29,-36
2,31,-36
2,33,-36
2,35,-36
4,25,-36
4,25,-36
4,25,-37
4,25,-36
4,25,-36
4,25,-36
4,27,-36
4,29,-37
4,31,-37
4,33,-35
4,35,-35
6,25,-35
6,25,-35
6,25,-36
6,25,-36
6,25,-37
6,25,-37
6,27,-36
6,29,-36
6,31,-36
6,33,-36
6,35,-35
8,25,-35
8,25,-35
8,25,-35
8,25,-37
8,25,-38
8,25,-37
8,27,-37
8,29,-36
8,31,-35
8,33,-35
8,35,-35
10,25,-35
10,25,-36
10,25,-36
10,25,-36
10,25,-36
10,25,-36
10,27,-36
10,29,-36
10,31,-36
10,33,-36
10,35,-36
12,25,-36
12,25,-36
12,25,-37
12,25,-37
12,25,-37
12,25,-37
12,27,-37
12,29,-37
12,31,-37
12,33,-36
12,35,-36
14,25,-37
14,25,-37
14,25,-38
14,25,-38
14,25,-38
14,25,-38
14,27,-38
14,29,-38
14,31,-37
14,33,-37
14,35,-37
16,25,-37
16,25,-39
16,25,-40
16,25,-39
16,25,-39
16,25,-39
16,27,-39
16,29,-38
16,31,-38
16,33,-38
16,35,-38
18,25,-39
18,25,-40
18,25,-40
18,25,-41
18,25,-41
18,25,-41
18,27,-41
18,29,-40
18,31,-40
18,33,-40
18,35,-39
20,25,-39
20,25,-41
20,25,-42
20,25,-42
20,25,-44
20,25,-44
20,27,-42
20,29,-42
20,31,-41
20,33,-41
20,35,-41
0,25,-48
0,30,-50
0,35,-53
0,40,-56
0,45,-56
0,50,-56
0,55,-56
0,60,-49
0,65,-49
0,70,-49
0,75,-44
10,25,-53
10,30,-53
10,35,-52
10,40,-48
10,45,-48
10,50,-48
10,55,-48
10,60,-47
10,65,-47
10,70,-44
10,75,-46
20,25,-55
20,30,-55
20,35,-51
20,40,-51
20,45,-52
20,50,-52
20,55,-52
20,60,-52
20,65,-51
20,70,-51
20,75,-51
30,25,-52
30,30,-55
30,35,-55
30,40,-55
30,45,-56
30,50,-56
0,25,-52
0,30,-50
0,35,-50
0,40,-50
0,45,-50
0,50,-50
0,55,-51
0,60,-51
0,65,-50
0,70,-50
0,75,-50
10,25,-51
10,30,-49
10,35,-49
10,40,-50
10,45,-50
10,50,-49
10,55,-50
10,60,-50
10,65,-50
10,70,-50
10,75,-52
20,25,-44
20,30,-44
20,35,-44
20,40,-44
20,45,-45
20,50,-46
20,55,-46
20,60,-47
20,65,-47
20,70,-47
20,75,-44
30,25,-40
30,30,-37
30,35,-37
30,40,-37
30,45,-38
30,50,-38
30,55,-37
30,60,-37
30,65,-37
30,70,-39
30,75,-39
40,25,-38
40,30,-36
40,35,-36
40,40,-35
40,45,-35
40,50,-35
40,55,-34
40,60,-34
40,65,-36
40,70,-36
40,75,-37
50,25,-36
50,30,-36
50,35,-35
50,40,-34
50,45,-34
50,50,-34
50,55,-35
50,60,-35
50,65,-35
50,70,-35
50,75,-38
60,25,-40
60,30,-40
60,35,-39
60,40,-39
60,45,-38
60,50,-37
60,55,-37
60,60,-38
60,65,-38
60,70,-39
60,75,-40
70,25,-43
70,30,-43
70,35,-47
70,40,-47
70,45,-45
70,50,-45
70,55,-44
70,60,-44
70,65,-44
70,70,-46
70,75,-46
80,25,-56
80,30,-52
80,35,-52
80,40,-53
80,45,-53
80,50,-53
80,55,-60
80,60,-60
80,65,-65
80,70,-65
80,75,-64
90,25,-54
90,30,-54
90,35,-53
90,40,-51
90,45,-51
90,50,-55
90,55,-55
90,60,-60
90,65,-63
90,70,-63
90,75,-59
100,25,-54
100,30,-54
100,35,-60
100,40,-60
100,45,-59
100,50,-59
100,55,-58
100,60,-54
100,65,-54
100,70,-52
100,75,-52
110,25,-52
110,30,-53
110,35,-55
110,40,-55
110,45,-53
110,50,-53
110,55,-53
110,60,-53
110,65,-54
110,70,-54
110,75,-54
120,25,-53
120,30,-49
120,35,-49
120,40,-49
120,45,-50
120,50,-51
120,55,-52
120,60,-52
120,65,-52
120,70,-52
120,75,-52
130,25,-76
130,30,-48
130,35,-48
130,40,-48
130,45,-48
130,50,-48
130,55,-48
130,60,-49
130,65,-52
130,70,-49
130,75,-48
140,25,-47
140,30,-47
140,35,-52
140,40,-52
140,45,-50
140,50,-51
140,55,-51
140,60,-51
140,65,-51
140,70,-51
140,75,-50
150,25,-45
150,30,-47
150,35,-51
150,40,-51
150,45,-49
150,50,-49
150,55,-52
150,60,-52
150,65,-42
150,70,-52
150,75,-52
160,25,-52
160,30,-55
160,35,-55
160,40,-54
160,45,-54
160,50,-54
160,55,-55
160,60,-55
160,65,-55
160,70,-55
160,75,-55
170,25,-54
170,30,-54
170,35,-54
170,40,-54
170,45,-54
170,50,-55
170,55,-55
170,60,-55
170,65,-55
170,70,-55
170,75,-57
180,25,-51
180,30,-51
180,35,-49
180,40,-49
180,45,-49
180,50,-49
180,55,-49
180,60,-49
180,65,-49
180,70,-51
180,75,-51
30,45,-39
30,47,-39
30,49,-39
30,51,-39
30,53,-39
30,55,-39
30,57,-39
30,59,-39
30,61,-39
30,63,-39
30,65,-39
32,45,-39
32,47,-39
32,49,-39
32,51,-39
32,53,-39
32,55,-39
32,57,-39
32,59,-39
32,61,-38
32,63,-38
32,65,-38
34,45,-38
34,47,-38
34,49,-37
34,51,-37
34,53,-38
34,55,-38
34,57,-37
34,59,-37
34,61,-37
34,63,-38
34,65,-38
36,45,-37
36,47,-37
36,49,-37
36,51,-37
36,53,-37
36,55,-36
36,57,-36
36,59,-36
36,61,-36
36,63,-36
36,65,-36
38,45,-36
38,47,-36
38,49,-36
38,51,-36
38,53,-36
38,55,-35
38,57,-35
38,59,-35
38,61,-35
38,63,-35
38,65,-37
40,45,-37
40,47,-36
40,49,-36
40,51,-36
40,53,-36
40,55,-36
40,57,-36
40,59,-36
40,61,-36
40,63,-36
40,65,-35
42,45,-35
42,47,-35
42,49,-35
42,51,-35
42,53,-35
42,55,-35
42,57,-35
42,59,-35
42,61,-35
42,63,-35
42,65,-35
44,45,-36
44,47,-36
44,49,-35
44,51,-35
44,53,-35
44,55,-35
44,57,-35
44,59,-35
44,61,-35
44,63,-35
44,65,-35
46,45,-35
46,47,-35
46,49,-35
46,51,-35
46,53,-35
46,55,-35
46,57,-35
46,59,-35
46,61,-36
46,63,-35
46,65,-35
48,45,-35
48,47,-35
48,49,-35
48,51,-34
48,53,-34
48,55,-34
48,57,-36
48,59,-36
48,61,-36
48,63,-36
48,65,-36
50,45,-36
50,47,-35
50,49,-35
50,51,-35
50,53,-35
50,55,-35
50,57,-35
50,59,-36
50,61,-36
50,63,-36
50,65,-36
------ FINAL BEST VALUES ------
Pan: 40, Tilt: 55, RSSI: -34
